surface1
(100, 100, 700),(500, 100, 700),(100, 500, 700),(1000, 1000, 700);(150, 100, 700),(550, 100, 700),(150, 500, 700),(1050, 1000, 700);(200, 100, 700),(600, 100, 700),(200, 500, 700),(1100, 1000, 700);(250, 100, 700),(650, 100, 700),(250, 500, 700),(1150, 1000, 700)
surface2
(300, 100, 700),(700, 100, 700),(300, 500, 700),(1200, 1000, 700);(350, 100, 700),(750, 100, 700),(350, 500, 700),(1250, 1000, 700);(400, 100, 700),(800, 100, 700),(400, 500, 700),(1300, 1000, 700);(450, 100, 700),(850, 100, 700),(450, 500, 700),(1350, 1000, 700)
surface3
(500, 100, 700),(900, 100, 700),(500, 500, 700),(1400, 1000, 700);(550, 100, 700),(950, 100, 700),(550, 500, 700),(1450, 1000, 700);(600, 100, 700),(1000, 100, 700),(600, 500, 700),(1500, 1000, 700);(650, 100, 700),(1050, 100, 700),(650, 500, 700),(1550, 1000, 700)
surface4
(700, 100, 700),(1100, 100, 700),(700, 500, 700),(1600, 1000, 700);(750, 100, 700),(1150, 100, 700),(750, 500, 700),(1650, 1000, 700);(800, 100, 700),(1200, 100, 700),(800, 500, 700),(1700, 1000, 700);(850, 100, 700),(1250, 100, 700),(850, 500, 700),(1750, 1000, 700)
surface5
(0, 0, 650),(0, 0, 750),(0, 0, 850),(0, 0, 950);(100, 100, 650),(100, 100, 750),(100, 100, 850),(100, 100, 950);(300, 0, 650),(300, 0, 750),(300, 0, 850),(300, 0, 950);(150, -100, 650),(150, -100, 750),(150, -100, 850),(150, -100, 950)
surface6
(0, 0, 650),(0, 100, 650),(0, 200, 650),(0, 300, 650);(100, 0, 650),(100, 100, 750),(100, 200, 750),(100, 300, 650);(200, 0, 650),(200, 100, 750),(200, 200, 750),(200, 300, 650);(300, 0, 650),(300, 100, 650),(300, 200, 650),(300, 300, 650)
surface7
(-100, 300, 700),(0, 300, 700),(100, 300, 700),(200, 300, 700);(-100, 300, 800),(0, -200, 800),(100, -200, 800),(200, 300, 800);(-100, 300, 900),(0, -200, 900),(100, -200, 900),(200, 300, 900);(-100, 300, 1000),(0, 300, 1000),(100, 300, 1000),(200, 300, 1000)

surface 10x10
(-450, -450, 750),(-450, -350, 821),(-450, -250, 850),(-450, -150, 821),(-450, -50, 750),(-450, 50, 679),(-450, 150, 650),(-450, 250, 679),(-450, 350, 750),(-450, 450, 821);(-350, -450, 821),(-350, -350, 850),(-350, -250, 821),(-350, -150, 750),(-350, -50, 679),(-350, 50, 650),(-350, 150, 679),(-350, 250, 750),(-350, 350, 821),(-350, 450, 850);(-250, -450, 850),(-250, -350, 821),(-250, -250, 750),(-250, -150, 679),(-250, -50, 650),(-250, 50, 679),(-250, 150, 750),(-250, 250, 821),(-250, 350, 850),(-250, 450, 821);(-150, -450, 821),(-150, -350, 750),(-150, -250, 679),(-150, -150, 650),(-150, -50, 679),(-150, 50, 750),(-150, 150, 821),(-150, 250, 850),(-150, 350, 821),(-150, 450, 750);(-50, -450, 750),(-50, -350, 679),(-50, -250, 650),(-50, -150, 679),(-50, -50, 750),(-50, 50, 821),(-50, 150, 850),(-50, 250, 821),(-50, 350, 750),(-50, 450, 679);(50, -450, 679),(50, -350, 650),(50, -250, 679),(50, -150, 750),(50, -50, 821),(50, 50, 850),(50, 150, 821),(50, 250, 750),(50, 350, 679),(50, 450, 650);(150, -450, 650),(150, -350, 679),(150, -250, 750),(150, -150, 821),(150, -50, 850),(150, 50, 821),(150, 150, 750),(150, 250, 679),(150, 350, 650),(150, 450, 679);(250, -450, 679),(250, -350, 750),(250, -250, 821),(250, -150, 850),(250, -50, 821),(250, 50, 750),(250, 150, 679),(250, 250, 650),(250, 350, 679),(250, 450, 750);(350, -450, 750),(350, -350, 821),(350, -250, 850),(350, -150, 821),(350, -50, 750),(350, 50, 679),(350, 150, 650),(350, 250, 679),(350, 350, 750),(350, 450, 821);(450, -450, 821),(450, -350, 850),(450, -250, 821),(450, -150, 750),(450, -50, 679),(450, 50, 650),(450, 150, 679),(450, 250, 750),(450, 350, 821),(450, 450, 850)

